D/includes////
D/misc////
D/modules////
D/profiles////
D/scripts////
D/sites////
D/themes////
/.htaccess/1.90.2.5/Mon Nov 22 18:58:31 2010//TDRUPAL-6
/CHANGELOG.txt/1.253.2.44/Thu Jan 13 21:12:11 2011//TDRUPAL-6
/COPYRIGHT.txt/1.2.2.3/Mon Nov 22 18:58:31 2010//TDRUPAL-6
/INSTALL.mysql.txt/1.10/Mon Nov 22 18:58:31 2010//TDRUPAL-6
/INSTALL.pgsql.txt/1.7/Mon Nov 22 18:58:31 2010//TDRUPAL-6
/INSTALL.txt/1.61.2.5/Thu Jan 13 21:12:11 2011//TDRUPAL-6
/LICENSE.txt/1.5.4.1/Mon Nov 22 18:58:31 2010//TDRUPAL-6
/MAINTAINERS.txt/1.19.2.2/Mon Nov 22 18:58:31 2010//TDRUPAL-6
/UPGRADE.txt/1.12.2.1/Mon Nov 22 18:58:31 2010//TDRUPAL-6
/cron.php/1.36/Mon Nov 22 18:58:31 2010//TDRUPAL-6
/index.php/1.94/Fri Nov 26 17:56:51 2010//TDRUPAL-6
/install.php/1.113.2.13/Thu Jan 13 21:12:11 2011//TDRUPAL-6
/robots.txt/1.9.2.2/Mon Nov 22 18:58:31 2010//TDRUPAL-6
/update.php/1.252.2.4/Mon Nov 22 18:58:31 2010//TDRUPAL-6
/xmlrpc.php/1.15/Mon Nov 22 18:58:31 2010//TDRUPAL-6
